T: 0.0957768,0.312945,-0.078115
R: 0.999592, -0.0132468, 0.00180035, -0.0252225
