T: 0.0101122,-0.00820025,-0.0197666
R: 0.999969, -0.00100794, -0.000318073, 0.0078129
