0.999994 0.00356438 -8.36795e-05 0.0188418 -0.00356459 0.99999 -0.00257833 -0.012345 7.44886e-05 0.00257862 0.999997 -0.00571932
0.999994 0.00285772 0.00170347 0.0294507 -0.00285335 0.999993 -0.00256069 -0.000502834 -0.00171077 0.00255581 0.999995 -0.0100026
0.999968 0.00734969 0.00307397 0.0306087 -0.00734095 0.999969 -0.00284637 0.00399588 -0.00309479 0.00282371 0.999991 -0.0191086
0.999956 0.00654803 0.00666579 0.0274251 -0.0065287 0.999974 -0.00291845 0.00531534 -0.00668473 0.0028748 0.999974 -0.0292037
0.99999 -0.000996869 0.00441621 0.0209406 0.000995119 0.999999 0.000398448 0.00535259 -0.0044166 -0.00039405 0.99999 -0.028732
0.999976 -0.00397493 0.00574285 0.0201003 0.00397855 0.999992 -0.000619504 -0.000100986 -0.00574034 0.000642338 0.999983 -0.0289396
0.999933 0.0108817 0.00400333 0.0236949 -0.010878 0.99994 -0.000937833 0.000287389 -0.0040133 0.000894221 0.999992 -0.0352226
0.999979 0.00391111 0.00507435 0.020033 -0.00390997 0.999992 -0.000235112 0.00598312 -0.00507523 0.000215267 0.999987 -0.0349853
0.999972 0.00562979 0.00502202 0.0176518 -0.00562303 0.999983 -0.00135818 0.00942602 -0.00502958 0.0013299 0.999986 -0.0326932
0.99994 0.0102861 0.00382026 0.0298451 -0.0102855 0.999947 -0.000175664 0.00439823 -0.00382187 0.00013636 0.999993 -0.0342993
0.999973 0.00395139 0.00615901 0.027368 -0.00394422 0.999992 -0.00117508 0.00843706 -0.0061636 0.00115075 0.99998 -0.0313698
0.999971 0.00591701 0.00489401 0.023928 -0.00591528 0.999982 -0.000368094 0.0053175 -0.0048961 0.000339134 0.999988 -0.0337194
0.999971 0.00421992 0.0063247 0.0241137 -0.00419444 0.999983 -0.00403659 0.0100008 -0.00634163 0.00400995 0.999972 -0.0288476
0.999931 0.0106985 0.0049133 0.0267106 -0.01068 0.999936 -0.00377498 0.00244065 -0.00495337 0.00372224 0.999981 -0.0315468
0.999908 0.0124732 0.00530258 0.0242676 -0.0124522 0.999915 -0.0039868 0.00346774 -0.00535185 0.0039204 0.999978 -0.0302439
0.999981 0.00199405 0.00587826 0.0220029 -0.00197967 0.999995 -0.00245082 0.0104457 -0.00588312 0.00243914 0.99998 -0.0318802
0.999962 0.00634056 0.00591448 0.0235553 -0.0063278 0.999978 -0.00217471 0.00971474 -0.00592814 0.0021372 0.99998 -0.033757
0.999944 0.00926858 0.00510198 0.0222739 -0.00925261 0.999952 -0.00314493 0.0100074 -0.00513089 0.00309755 0.999982 -0.0320846
0.999942 0.0100164 0.00383618 0.0238712 -0.0100046 0.999945 -0.00307985 0.00527308 -0.00386681 0.0030413 0.999988 -0.0275435
0.999969 0.00511352 0.00590546 0.0296344 -0.00511372 0.999987 1.76475e-05 0.00881632 -0.00590529 -4.78458e-05 0.999983 -0.0385415
0.999982 0.00219267 0.00552458 0.0302045 -0.00219981 0.999997 0.00128642 0.00680314 -0.00552174 -0.00129855 0.999984 -0.0376738
0.999939 0.00922511 0.00611393 0.0303851 -0.00920373 0.999951 -0.00351447 0.00844314 -0.00614606 0.00345799 0.999975 -0.0316269
0.99996 0.00542907 0.00704268 0.0335571 -0.00540823 0.999981 -0.00297448 0.00909969 -0.00705869 0.00293627 0.999971 -0.0323841
0.999941 0.00926683 0.0057486 0.0293337 -0.00925023 0.999953 -0.00290693 0.0164255 -0.00577527 0.00285358 0.999979 -0.032643
0.999979 0.00320629 0.00571781 0.0290675 -0.00320661 0.999995 4.76554e-05 0.010079 -0.00571763 -6.59891e-05 0.999984 -0.0340802
0.999921 0.0107327 0.00659863 0.0275634 -0.0107154 0.999939 -0.00264621 0.000340312 -0.00662663 0.00257529 0.999975 -0.0360536
0.999952 0.00791751 0.00576378 0.02108 -0.00789948 0.999964 -0.00314511 0.00795414 -0.00578848 0.00309943 0.999978 -0.03312
0.999941 0.00893667 0.00611905 0.0248202 -0.00891599 0.999954 -0.00339854 0.00394942 -0.00614915 0.00334378 0.999976 -0.0360402
0.999968 0.0031918 0.00730992 0.0233851 -0.00318561 0.999995 -0.000858826 0.0102733 -0.00731262 0.000835512 0.999973 -0.0364146
0.99994 0.00907977 0.00619176 0.024174 -0.00906419 0.999956 -0.00254055 0.00630089 -0.00621455 0.00248427 0.999978 -0.03568
0.999944 0.00841533 0.00642286 0.0276768 -0.00839816 0.999961 -0.00269588 0.0139872 -0.00644529 0.00264179 0.999976 -0.0334584
0.999942 0.00846632 0.00662903 0.0236147 -0.00844822 0.999961 -0.00275232 0.00638313 -0.00665207 0.00269616 0.999974 -0.0315689
0.999949 0.00639062 0.00786836 0.0293796 -0.00636543 0.999975 -0.00322293 0.0109041 -0.00788876 0.00317268 0.999964 -0.0327562
0.999958 0.00716082 0.00571827 0.0304335 -0.00715306 0.999973 -0.00137704 0.00949902 -0.00572798 0.00133607 0.999983 -0.0328885
0.999964 0.00648543 0.00554887 0.0281699 -0.00647427 0.999977 -0.00202679 0.0140961 -0.00556189 0.00199079 0.999983 -0.0294112
0.999951 0.00772158 0.00615998 0.0259547 -0.00769054 0.999958 -0.00504666 0.00931104 -0.00619868 0.00499904 0.999968 -0.0288151
0.999956 0.00625339 0.00694829 0.0258418 -0.00623851 0.999978 -0.00216127 0.00321137 -0.00696165 0.00211783 0.999974 -0.0331698
0.999941 0.0095823 0.00515382 0.0236171 -0.00956405 0.999948 -0.00355445 0.00855771 -0.00518761 0.00350495 0.99998 -0.0281578
0.999954 0.00575222 0.00770548 0.0181137 -0.00572592 0.999978 -0.00343169 0.00425321 -0.00772505 0.00338741 0.999964 -0.0294633
0.999955 0.00680735 0.00656168 0.0270367 -0.00678855 0.999973 -0.00288433 0.00564928 -0.00658114 0.00283965 0.999974 -0.0329184
0.999958 0.00553272 0.00731357 0.027971 -0.0055057 0.999978 -0.00370944 0.00509379 -0.00733393 0.00366901 0.999966 -0.0304993
0.999954 0.00653714 0.00700375 0.0265516 -0.00652256 0.999977 -0.00210254 0.00360234 -0.00701733 0.00205677 0.999973 -0.0315821
0.999952 0.00736434 0.00638733 0.0324855 -0.00735036 0.999971 -0.00220951 0.00375693 -0.00640341 0.00216245 0.999977 -0.0341051
0.999967 0.00581413 0.00569882 0.0240827 -0.00580355 0.999981 -0.00187073 0.00344304 -0.00570959 0.0018376 0.999982 -0.0303705
0.999931 0.00961609 0.00671328 0.0295716 -0.00959708 0.99995 -0.0028587 0.00760854 -0.00674043 0.00279407 0.999973 -0.0336913
0.999948 0.00698754 0.00743237 0.030404 -0.00695497 0.999966 -0.00439872 0.00452464 -0.00746285 0.0043468 0.999963 -0.028887
0.999973 0.00536235 0.00495233 0.0248256 -0.00535311 0.999984 -0.00187785 0.00542919 -0.00496232 0.00185129 0.999986 -0.0293062
0.999941 0.00814064 0.00720791 0.0238614 -0.00811011 0.999958 -0.00425517 0.00520392 -0.00724225 0.00419646 0.999965 -0.0300719
0.999968 0.00566894 0.00556677 0.0256162 -0.00565286 0.99998 -0.00289943 0.00753516 -0.00558309 0.00286787 0.99998 -0.0286719
0.999952 0.0074582 0.00642518 0.0293096 -0.0074442 0.99997 -0.00220019 0.00327707 -0.0064414 0.00215226 0.999977 -0.0312798
0.999953 0.00744735 0.00614899 0.0251238 -0.0074204 0.999963 -0.00439411 0.00578067 -0.00618149 0.00434828 0.999971 -0.0281646
0.999958 0.00520004 0.00749827 0.029912 -0.00518245 0.999984 -0.00236437 0.00860525 -0.00751044 0.00232541 0.999969 -0.0312063
0.999944 0.00867814 0.00599988 0.028531 -0.00866235 0.999959 -0.00265391 0.00654354 -0.00602267 0.00260179 0.999978 -0.0310366
0.999945 0.00758931 0.00728993 0.0296211 -0.00756042 0.999963 -0.00398231 0.0113771 -0.00731989 0.00392697 0.999965 -0.0316586
0.999976 -6.10424e-05 0.0069233 0.0308877 8.04962e-05 0.999996 -0.00280966 0.0133432 -0.00692311 0.00281015 0.999972 -0.0271985
0.99998 0.00480021 0.00421495 0.0321443 -0.00479215 0.999987 -0.00191968 0.0121922 -0.00422411 0.00189944 0.999989 -0.0268632
0.999963 0.00644278 0.00577267 0.0283732 -0.0064313 0.999977 -0.00200412 0.0124222 -0.00578545 0.00196692 0.999981 -0.0299073
0.999962 0.00607439 0.00627932 0.0301234 -0.00606161 0.99998 -0.00205256 0.00531133 -0.00629166 0.00201442 0.999978 -0.0276901
0.999968 0.00348758 0.00725385 0.028032 -0.00346114 0.999987 -0.00365437 0.0153705 -0.0072665 0.00362915 0.999967 -0.027965
0.999972 0.00478214 0.00569308 0.0316707 -0.00476764 0.999985 -0.002558 0.0235772 -0.00570523 0.00253079 0.999981 -0.0253996
0.999958 0.00743205 0.00541678 0.0288565 -0.00740152 0.999957 -0.00563384 0.00558764 -0.00545842 0.00559351 0.999969 -0.021973
0.999953 0.00769567 0.00589257 0.0287074 -0.0076708 0.999962 -0.00423133 0.0154553 -0.00592491 0.00418593 0.999974 -0.0262186
0.999965 0.00629571 0.0055225 0.0287843 -0.00626816 0.999968 -0.00499203 0.0152916 -0.00555375 0.00495724 0.999972 -0.0206921
0.999952 0.00765147 0.00609586 0.0300625 -0.00761595 0.999954 -0.00582962 0.0117677 -0.00614019 0.00578292 0.999964 -0.0241466
0.999956 0.00709676 0.00615494 0.0291217 -0.00707472 0.999969 -0.00359597 0.0132482 -0.00618027 0.00355226 0.999975 -0.0329198
0.999958 0.00625763 0.00676481 0.0318714 -0.00622909 0.999972 -0.00423149 0.0199865 -0.0067911 0.00418918 0.999968 -0.0241668
0.999956 0.00653858 0.00668747 0.0288959 -0.00651256 0.999971 -0.00390555 0.0074731 -0.00671281 0.00386183 0.99997 -0.0246212
0.99996 0.0072786 0.0052309 0.027906 -0.00726137 0.999968 -0.00330432 0.015898 -0.00525478 0.0032662 0.999981 -0.0248794
0.999968 0.00619534 0.00504957 0.0280355 -0.00618141 0.999977 -0.00277017 0.0115508 -0.00506661 0.00273887 0.999983 -0.0262829
0.999951 0.00785118 0.00610377 0.0283298 -0.00782663 0.999961 -0.0040357 0.0175521 -0.00613522 0.00398773 0.999973 -0.0252427
0.999942 0.00904445 0.00579164 0.026116 -0.00901358 0.999945 -0.0053335 0.00692521 -0.00583956 0.00528099 0.999969 -0.025798
0.999972 0.00622417 0.00411486 0.0249699 -0.00621321 0.999977 -0.00267125 0.0133378 -0.00413139 0.00264561 0.999988 -0.02589
0.999937 0.0103805 0.00420817 0.0274732 -0.0103641 0.999939 -0.00389473 0.00628405 -0.00424834 0.00385087 0.999984 -0.0238089
0.999954 0.00668943 0.00683368 0.023844 -0.0066615 0.999969 -0.00410149 0.0137369 -0.00686091 0.00405578 0.999968 -0.0286157
0.999985 0.00277683 0.00467727 0.0258615 -0.00275725 0.999987 -0.00418764 0.0101444 -0.00468884 0.00417469 0.99998 -0.0206139
0.99995 0.00919655 0.00404363 0.0283302 -0.00918016 0.99995 -0.00405303 0.00299436 -0.0040807 0.0040157 0.999984 -0.0226495
0.999965 0.00576369 0.00604087 0.0279457 -0.0057388 0.999975 -0.00412966 0.0137413 -0.00606452 0.00409485 0.999973 -0.0241925
0.999957 0.00813706 0.00438598 0.0302403 -0.00811751 0.999957 -0.00445802 0.0114516 -0.00442206 0.00442222 0.99998 -0.0228209
0.999937 0.00969168 0.00571019 0.0266954 -0.00965547 0.999933 -0.00633372 0.00791471 -0.00577119 0.00627818 0.999964 -0.0245903
0.999927 0.0104377 0.0060315 0.0284675 -0.0104056 0.999932 -0.00532719 0.00261601 -0.00608669 0.00526404 0.999968 -0.0226242
0.999973 0.00448348 0.00577805 0.0290234 -0.0044634 0.999984 -0.00348395 0.00659316 -0.00579358 0.00345806 0.999977 -0.0224406
0.999958 0.00764093 0.00510934 0.029272 -0.00762104 0.999963 -0.00390056 0.0109962 -0.00513896 0.00386146 0.999979 -0.0247804
0.999975 0.00575129 0.00413835 0.0271261 -0.00573856 0.999979 -0.00308157 0.0121959 -0.00415598 0.00305775 0.999987 -0.0289643
0.999951 0.00860992 0.00493009 0.0328308 -0.00859073 0.999955 -0.00389901 0.0144943 -0.00496344 0.00385646 0.99998 -0.0255363
0.999961 0.00633105 0.00620267 0.0286566 -0.00630513 0.999971 -0.00418856 0.0159263 -0.00622901 0.00414929 0.999972 -0.0241478
0.99992 0.0110347 0.00611216 0.029781 -0.0109965 0.99992 -0.0062473 0.0108385 -0.00618061 0.00617959 0.999962 -0.0262846
0.999947 0.00736605 0.00712752 0.0292779 -0.00732026 0.999953 -0.00642902 0.0166494 -0.00717454 0.00637651 0.999954 -0.0229238
0.999953 0.00774935 0.00586243 0.0326438 -0.00771316 0.999951 -0.00616976 0.00395022 -0.00590996 0.00612425 0.999964 -0.0210252
0.999961 0.00708506 0.00517706 0.0279514 -0.00706278 0.999966 -0.00430832 0.00782541 -0.00520741 0.00427159 0.999977 -0.0207286
0.999949 0.00773428 0.00651527 0.0286786 -0.00769139 0.999949 -0.00658211 0.0171625 -0.00656584 0.00653166 0.999957 -0.0255944
0.999962 0.00722936 0.00481465 0.028418 -0.00721488 0.999969 -0.00301709 0.0087855 -0.00483631 0.00298224 0.999984 -0.0245109
0.999967 0.0051602 0.00630983 0.0308667 -0.00514336 0.999983 -0.0026812 0.0115881 -0.00632356 0.00264866 0.999976 -0.0290047
0.999925 0.0105139 0.00626145 0.024918 -0.0104861 0.999935 -0.00444541 0.00758133 -0.00630778 0.00437942 0.999971 -0.0297938
0.999967 0.00465636 0.00658372 0.0215734 -0.00463511 0.999984 -0.0032403 0.00683193 -0.0065987 0.00320968 0.999973 -0.0283855
0.999962 0.00657566 0.00567021 0.0262829 -0.00655207 0.99997 -0.00416908 0.00692298 -0.00569745 0.00413177 0.999975 -0.0266392
0.999953 0.00808042 0.00533511 0.0282297 -0.00805793 0.999959 -0.00422444 0.0108753 -0.00536903 0.00418125 0.999977 -0.0275885
0.999943 0.00962059 0.00473463 0.0261054 -0.00960528 0.999949 -0.00324678 0.00668741 -0.00476562 0.00320112 0.999984 -0.0288825
0.999912 0.0119572 0.00569795 0.0284128 -0.0119174 0.999905 -0.00698121 0.00643465 -0.00578089 0.0069127 0.999959 -0.022904
0.999973 0.00582285 0.00449071 0.0269448 -0.00580805 0.999978 -0.00330086 0.00809008 -0.00450983 0.00327468 0.999984 -0.0249886
0.999962 0.00564043 0.00666466 0.0255652 -0.00561549 0.999977 -0.0037549 0.00579292 -0.00668569 0.00371733 0.999971 -0.0287259
0.999918 0.0106724 0.00711688 0.0309548 -0.0106275 0.999924 -0.00631918 0.00536572 -0.00718377 0.00624303 0.999955 -0.0243547
0.999929 0.0102529 0.00606466 0.030054 -0.0102241 0.999936 -0.00476656 0.00484054 -0.00611315 0.00470421 0.99997 -0.026559
0.999961 0.00732503 0.00497902 0.0286626 -0.00729555 0.999956 -0.00591374 0.00551228 -0.00502212 0.00587719 0.99997 -0.0223909
0.99997 0.00519956 0.00577287 0.0279825 -0.00517706 0.999979 -0.00390697 0.00866367 -0.00579307 0.00387697 0.999976 -0.02776
0.99995 0.0076607 0.00648053 0.0281727 -0.00763196 0.999961 -0.00444867 0.00649444 -0.00651436 0.00439899 0.999969 -0.0290162
0.999959 0.0069415 0.0058852 0.0262044 -0.0069127 0.999964 -0.00489895 0.00152877 -0.005919 0.00485806 0.999971 -0.0235402
0.999952 0.00821597 0.00533821 0.0262966 -0.00819606 0.999959 -0.00373964 0.0148521 -0.00536872 0.00369571 0.999979 -0.0301035
0.999947 0.00834496 0.00606151 0.0263646 -0.00831609 0.999954 -0.00477199 0.00426638 -0.00610105 0.00472133 0.99997 -0.0245371
0.999947 0.00814415 0.00627113 0.0271697 -0.00811302 0.999955 -0.00497375 0.00613495 -0.00631135 0.00492261 0.999968 -0.0254828
0.999951 0.00756719 0.00642343 0.0210557 -0.00754414 0.999965 -0.00360527 0.00903368 -0.00645049 0.00355663 0.999973 -0.0289186
0.999954 0.00709188 0.00642621 0.0224536 -0.00705194 0.999956 -0.00621701 0.00617491 -0.00647002 0.00617141 0.99996 -0.0229104
0.999958 0.00649527 0.00653685 0.0215769 -0.00646143 0.999966 -0.0051842 0.0163801 -0.0065703 0.00514174 0.999965 -0.0277067
0.999925 0.0106979 0.00594363 0.0301102 -0.0106722 0.999934 -0.00434395 0.0126822 -0.0059897 0.0042802 0.999973 -0.0290978
0.999952 0.00642201 0.00738342 0.0305433 -0.00640271 0.999976 -0.0026354 -0.00293366 -0.00740016 0.002588 0.999969 -0.0313201
0.999967 0.00544701 0.00601711 0.0293013 -0.00543291 0.999982 -0.00235734 0.0027184 -0.00602984 0.00232457 0.999979 -0.0293545
0.999911 0.0114647 0.00675747 0.0328518 -0.0114409 0.999928 -0.00354489 0.00425399 -0.00679763 0.00346726 0.999971 -0.0325656
0.999911 0.0114118 0.0068873 0.0300717 -0.0113651 0.999912 -0.00677107 0.0077201 -0.00696397 0.0066922 0.999953 -0.0279825
0.99995 0.00910025 0.00425913 0.0318964 -0.00908195 0.99995 -0.00429606 0.00810881 -0.00429801 0.00425717 0.999982 -0.0239563
0.999965 0.00569242 0.00619534 0.0276077 -0.00565862 0.999969 -0.00546052 0.0152517 -0.00622624 0.00542527 0.999966 -0.0249587
0.999929 0.0103631 0.00583861 0.0329119 -0.0103391 0.999938 -0.00411642 -0.00228056 -0.00588091 0.00405576 0.999974 -0.0256198
0.999948 0.00682758 0.00750937 0.0284604 -0.006793 0.999966 -0.00462086 0.013761 -0.00754066 0.00456962 0.999961 -0.0319202
0.999868 0.0148996 0.00653718 0.0287553 -0.0148644 0.999875 -0.00540142 -0.000849922 -0.00661684 0.00530354 0.999964 -0.0334603
0.999952 0.00755035 0.00618685 0.0254402 -0.00753496 0.999968 -0.00250704 0.00365767 -0.00620559 0.0024603 0.999978 -0.0319115
0.999967 0.00591851 0.00556441 0.025608 -0.00590444 0.999979 -0.0025412 -0.00279872 -0.00557933 0.00250826 0.999981 -0.0289532
0.999901 0.012353 0.00679918 0.0292284 -0.0123247 0.999915 -0.00418895 0.000424255 -0.00685035 0.00410473 0.999968 -0.0303315
0.999958 0.00686949 0.0061473 0.0252482 -0.00683599 0.999962 -0.0054536 0.00350959 -0.00618453 0.00541134 0.999966 -0.0269307
0.999928 0.0101996 0.00636972 0.0309581 -0.0101788 0.999943 -0.00328033 0.00389189 -0.00640281 0.00321526 0.999974 -0.0322417
0.999934 0.00919587 0.00694743 0.0271468 -0.00915781 0.999943 -0.00549009 -0.000199311 -0.00699752 0.0054261 0.999961 -0.0285399
0.99988 0.0138162 0.00703004 0.0292261 -0.0137739 0.999887 -0.00603567 0.00311585 -0.00711263 0.00593811 0.999957 -0.0303231
0.999958 0.00555818 0.00734368 0.0265446 -0.00552198 0.999973 -0.004941 0.00504614 -0.00737094 0.00490024 0.999961 -0.0312959
0.999961 0.0067838 0.00571032 0.0273937 -0.00677078 0.999974 -0.00229639 -0.00162052 -0.00572575 0.00225764 0.999981 -0.0340796
0.999886 0.0135413 0.00665254 0.0276211 -0.0135042 0.999893 -0.00559444 0.00245258 -0.00672758 0.00550396 0.999962 -0.0346237
0.999902 0.0112988 0.00825705 0.0292647 -0.0112429 0.999914 -0.00678075 0.00175177 -0.00833295 0.00668726 0.999943 -0.0320109
0.999959 0.00400024 0.0081067 0.0271242 -0.00396018 0.99998 -0.00495216 0.00573737 -0.00812635 0.00491986 0.999955 -0.0288854
0.999972 0.00349402 0.00654338 0.0264811 -0.0034716 0.999988 -0.00343453 -0.000838754 -0.0065553 0.00341172 0.999973 -0.0274296
0.999967 0.00426078 0.00697569 0.0263391 -0.00423065 0.999982 -0.00432879 0.00321768 -0.006994 0.00429913 0.999966 -0.0299356
0.999951 0.00703482 0.00701092 0.0274809 -0.00701246 0.99997 -0.00320929 0.00266006 -0.00703329 0.00315996 0.99997 -0.030166
0.999963 0.00592993 0.00624457 0.0267791 -0.00591132 0.999978 -0.00299395 -0.00444051 -0.00626219 0.00295693 0.999976 -0.029713
0.999953 0.00675624 0.00698272 0.0260763 -0.00672977 0.99997 -0.00380873 0.00216487 -0.00700824 0.00376156 0.999968 -0.0329595
0.999948 0.00603271 0.00816488 0.0252619 -0.00599563 0.999972 -0.00455872 0.00377079 -0.00819215 0.00450953 0.999956 -0.0330039
0.999892 0.0132498 0.00638492 0.0275831 -0.0132227 0.999903 -0.00427867 0.00315848 -0.00644099 0.00419378 0.99997 -0.0341222
0.999965 0.00460555 0.00692465 0.0223744 -0.00458555 0.999985 -0.00290102 0.00528634 -0.00693791 0.00286916 0.999972 -0.0362494
0.999972 0.00434048 0.00615063 0.0303527 -0.00433289 0.99999 -0.00124776 0.00108114 -0.00615598 0.00122107 0.99998 -0.0322686
0.999946 0.00679864 0.00780358 0.0284635 -0.00676294 0.999967 -0.004592 0.00646268 -0.00783453 0.00453898 0.999959 -0.0316978
0.999907 0.0122 0.00603285 0.0283054 -0.0121645 0.999909 -0.00588677 0.00233323 -0.00610412 0.00581284 0.999964 -0.0270846
0.999958 0.00659367 0.0063165 0.0249838 -0.00656644 0.999969 -0.00432184 0.00505478 -0.0063448 0.00428018 0.999971 -0.0264157
0.999909 0.011433 0.00722015 0.0262607 -0.0113826 0.999911 -0.00698007 0.000580002 -0.00729931 0.00689725 0.99995 -0.0285492
0.999966 0.00601044 0.00567395 0.026005 -0.00599543 0.999978 -0.00265871 0.00518805 -0.00568981 0.0026246 0.99998 -0.0289817
0.999835 0.0166003 0.00737731 0.026757 -0.0165556 0.999845 -0.00607028 0.00633596 -0.00747693 0.00594714 0.999954 -0.0329936
0.999937 0.0089353 0.00681525 0.0274872 -0.00891569 0.999956 -0.00290275 0.00213894 -0.00684089 0.0028418 0.999973 -0.0325194
0.999907 0.0114064 0.00751536 0.0274947 -0.0113641 0.99992 -0.00564333 0.000899564 -0.00757912 0.0055574 0.999956 -0.0304312
0.999921 0.00993285 0.00766009 0.0269677 -0.00989839 0.999941 -0.00452372 0.00661108 -0.00770457 0.00444754 0.99996 -0.0343014
0.999927 0.00967062 0.00722524 0.0245442 -0.00964657 0.999948 -0.00335656 -0.00691349 -0.00725732 0.00328661 0.999968 -0.0332508
0.999871 0.0147208 0.00644971 0.0274823 -0.0146832 0.999875 -0.00583659 -0.00466323 -0.00653482 0.00574114 0.999962 -0.0316801
0.999945 0.00822977 0.00653374 0.0240933 -0.00820984 0.999962 -0.00307266 -0.00390839 -0.00655878 0.00301885 0.999974 -0.0340504
0.999889 0.0138889 0.00531298 0.0267737 -0.0138638 0.999893 -0.00472997 0.000920006 -0.0053781 0.00465579 0.999975 -0.033708
0.99993 0.00982964 0.00651114 0.0253274 -0.00981309 0.999949 -0.00256842 -0.00826527 -0.00653606 0.00250434 0.999976 -0.0351763
0.999946 0.00754325 0.00709887 0.0252302 -0.00751722 0.999965 -0.00368544 0.00548538 -0.00712642 0.00363188 0.999968 -0.0356217
0.999896 0.0130525 0.00614814 0.0247981 -0.013014 0.999896 -0.00626036 -0.00696194 -0.00622921 0.0061797 0.999962 -0.0301526
0.999874 0.0142854 0.00688948 0.028308 -0.0142425 0.999879 -0.00623354 -0.00279332 -0.0069777 0.00613464 0.999957 -0.0296064
0.999915 0.0116605 0.00588846 0.0249107 -0.0116319 0.99992 -0.00488372 -0.00737546 -0.00594494 0.00481481 0.999971 -0.033059
0.999908 0.0124626 0.00531374 0.0244484 -0.0124301 0.999904 -0.00611583 -0.000194059 -0.00538945 0.00604922 0.999967 -0.0262281
0.999937 0.0100786 0.00502207 0.028567 -0.0100736 0.999949 -0.00101373 0.000332466 -0.00503203 0.000963078 0.999987 -0.0364713
0.999963 0.00654902 0.00559024 0.0236431 -0.00652899 0.999972 -0.00359389 -0.000490474 -0.00561362 0.00355725 0.999978 -0.0281355
0.999971 0.00368954 0.00670463 0.0217408 -0.00366126 0.999984 -0.00422651 -0.00100617 -0.00672012 0.00420184 0.999969 -0.028156
0.999947 0.00772488 0.00675493 0.0219664 -0.00769316 0.999959 -0.00471024 -0.0101243 -0.00679104 0.00465803 0.999966 -0.0316903
0.999959 0.00538136 0.00725119 0.0239142 -0.00535154 0.999977 -0.00412539 5.91516e-05 -0.00727322 0.00408642 0.999965 -0.0340772
0.999913 0.0121253 0.00517787 0.0258272 -0.0121018 0.999916 -0.00453581 0.00153847 -0.00523243 0.00447276 0.999976 -0.0299179
0.999925 0.0104198 0.00650408 0.0288222 -0.0103955 0.999939 -0.00376846 0.00243535 -0.00654295 0.00370056 0.999972 -0.031658
0.999911 0.0118877 0.00610783 0.0275738 -0.0118594 0.999919 -0.00465386 -0.00759291 -0.00616266 0.004581 0.999971 -0.0318956
0.999922 0.0102903 0.00703946 0.0238204 -0.0102572 0.999936 -0.00471561 -0.00469253 -0.00708753 0.00464304 0.999964 -0.0281727
0.999952 0.00889826 0.00412086 0.0259978 -0.00888037 0.999951 -0.00434146 -0.00431001 -0.00415929 0.00430466 0.999982 -0.0235088
0.999931 0.0102863 0.00566963 0.0232694 -0.0102682 0.999942 -0.00320269 -0.00708532 -0.00570224 0.00314425 0.999979 -0.032306
0.999956 0.00793933 0.00506473 0.0241686 -0.00791914 0.999961 -0.00399547 -0.00264522 -0.00509625 0.00395518 0.999979 -0.0285821
0.999963 0.00451277 0.00727855 0.0262425 -0.00448523 0.999983 -0.00379553 -0.00604659 -0.00729555 0.00376275 0.999966 -0.0336456
0.999913 0.0107622 0.00757802 0.0260551 -0.0107207 0.999927 -0.00549991 -0.0070515 -0.00763666 0.00541819 0.999956 -0.0310752
0.99994 0.0087964 0.00656503 0.0274659 -0.00876754 0.999952 -0.00441164 -0.00674701 -0.00660353 0.00435381 0.999969 -0.0320706
0.999971 0.00319109 0.0069079 0.0279588 -0.00317292 0.999991 -0.00263898 -0.00842362 -0.00691627 0.00261699 0.999973 -0.0337858
0.999958 0.00473201 0.00786366 0.0259039 -0.0047099 0.999985 -0.00282771 -0.00541664 -0.00787693 0.00279055 0.999965 -0.038219
0.999956 0.00579656 0.00741977 0.0264347 -0.00577789 0.99998 -0.00253555 -0.00450444 -0.00743432 0.00249256 0.999969 -0.0365269
0.999889 0.0129373 0.00744823 0.0296677 -0.012905 0.999907 -0.00437034 0.00199883 -0.00750408 0.00427373 0.999963 -0.0374636
0.999952 0.00887443 0.00409118 0.0222873 -0.00885692 0.999952 -0.00427941 -0.000930217 -0.00412896 0.00424297 0.999982 -0.0275879
0.999956 0.00482405 0.00805189 0.027514 -0.00477832 0.999972 -0.00568801 -0.00300673 -0.0080791 0.00564928 0.999951 -0.0326353
0.999924 0.0100798 0.00707882 0.0287489 -0.0100523 0.999942 -0.00390528 0.00487837 -0.00711777 0.00383382 0.999967 -0.0355995
