0.999994 0.00356438 -8.36795e-05 0.0188418 -0.00356459 0.99999 -0.00257833 -0.012345 7.44886e-05 0.00257862 0.999997 -0.00571932
0.999994 0.00285768 0.00170344 0.0294421 -0.00285331 0.999993 -0.0025607 -0.000509452 -0.00171074 0.00255582 0.999995 -0.0100011
0.999968 0.00734958 0.00307388 0.0306071 -0.00734083 0.999969 -0.0028464 0.00399553 -0.0030947 0.00282374 0.999991 -0.0190966
0.999956 0.00654777 0.00666513 0.0274176 -0.00652843 0.999974 -0.00291812 0.00530572 -0.00668407 0.00287448 0.999974 -0.0291929
0.99999 -0.00099757 0.00441392 0.0209379 0.000995816 0.999999 0.000399397 0.00527628 -0.00441432 -0.000394998 0.99999 -0.028611
0.999976 -0.0039762 0.00573861 0.0201071 0.00397981 0.999992 -0.000617855 -0.000272262 -0.00573611 0.000640679 0.999983 -0.0286781
0.999933 0.0108798 0.00399717 0.0236943 -0.0108761 0.99994 -0.000935487 9.54114e-06 -0.00400711 0.00089195 0.999992 -0.0347946
0.99998 0.00390855 0.00506623 0.020012 -0.00390742 0.999992 -0.000232299 0.00555512 -0.0050671 0.000212499 0.999987 -0.0343039
0.999972 0.00562652 0.00501196 0.0176223 -0.00561979 0.999983 -0.00135487 0.00891831 -0.0050195 0.00132666 0.999987 -0.0318026
0.99994 0.0102825 0.00380852 0.029787 -0.0102819 0.999947 -0.000171789 0.00388139 -0.00381009 0.00013262 0.999993 -0.03324
0.999973 0.00394702 0.00614527 0.0272815 -0.0039399 0.999992 -0.00117071 0.00782655 -0.00614984 0.00114647 0.99998 -0.0300569
0.999971 0.00591384 0.00488511 0.0241407 -0.00591212 0.999982 -0.000366777 0.00506351 -0.00488719 0.000337885 0.999988 -0.0327455
0.999971 0.00421394 0.00630581 0.0240238 -0.00418858 0.999983 -0.00402981 0.0089605 -0.00632268 0.00400329 0.999972 -0.0271193
0.999931 0.0106915 0.00489228 0.0265027 -0.0106731 0.999936 -0.00376859 0.00133307 -0.00493226 0.00371611 0.999981 -0.0294251
0.999908 0.0124651 0.00527855 0.024014 -0.0124442 0.999915 -0.0039791 0.00217263 -0.0053277 0.00391305 0.999978 -0.0279773
0.999981 0.00198842 0.00586302 0.0220807 -0.00197409 0.999995 -0.002448 0.00966859 -0.00586786 0.00243637 0.99998 -0.0304894
0.999963 0.00632909 0.00588386 0.0232699 -0.00631645 0.999978 -0.00216432 0.0082068 -0.00589743 0.00212707 0.99998 -0.0312465
0.999944 0.00925572 0.00506826 0.0219467 -0.00923991 0.999952 -0.00313321 0.00837284 -0.00509701 0.0030862 0.999982 -0.0294157
0.999943 0.0100032 0.00379975 0.0234264 -0.00999157 0.999945 -0.00306687 0.00337755 -0.00383022 0.00302873 0.999988 -0.0246363
0.99997 0.00510434 0.00588184 0.0295403 -0.00510456 0.999987 2.27848e-05 0.00739613 -0.00588165 -5.28084e-05 0.999983 -0.0365897
0.999982 0.00218272 0.00549916 0.0300682 -0.00218985 0.999997 0.00129206 0.00526084 -0.00549632 -0.00130408 0.999984 -0.0356297
0.999939 0.00920778 0.00606822 0.0297668 -0.00918668 0.999952 -0.00349679 0.00619058 -0.00610012 0.00344083 0.999975 -0.0285282
0.999961 0.00541831 0.00701547 0.0333712 -0.00539759 0.999981 -0.00296862 0.00738548 -0.00703142 0.00293064 0.999971 -0.0302569
0.999941 0.00925337 0.00571143 0.0287825 -0.00923694 0.999953 -0.00289713 0.0142731 -0.00573797 0.0028442 0.999979 -0.0300041
0.999979 0.00318797 0.00566432 0.0283472 -0.00318841 0.999995 6.82321e-05 0.00761381 -0.00566407 -8.62908e-05 0.999984 -0.0312123
0.999921 0.0107097 0.00653993 0.0265629 -0.0106928 0.999939 -0.00262161 -0.00226733 -0.00656761 0.00255147 0.999975 -0.0328176
0.999953 0.00789482 0.00570228 0.020101 -0.00787714 0.999964 -0.00311658 0.00550466 -0.00572668 0.00307152 0.999979 -0.0300561
0.999942 0.00892187 0.00608312 0.0243125 -0.00890136 0.999955 -0.00339038 0.00170729 -0.0061131 0.00333603 0.999976 -0.0334522
0.999969 0.00316676 0.00724198 0.0222012 -0.00316085 0.999995 -0.000826427 0.00772587 -0.00724456 0.00080351 0.999973 -0.0333134
0.99994 0.00904952 0.00611935 0.022849 -0.00903432 0.999956 -0.00250803 0.00366295 -0.00614177 0.00245259 0.999978 -0.0325209
0.999945 0.00838763 0.00634876 0.0262317 -0.00837089 0.999961 -0.0026597 0.0112783 -0.00637082 0.00260641 0.999976 -0.0303403
0.999943 0.00844533 0.00657345 0.0222819 -0.00842751 0.999961 -0.00273518 0.00356805 -0.00659629 0.00267962 0.999975 -0.0284829
0.999949 0.00635552 0.00778684 0.0275903 -0.00633089 0.999975 -0.00318468 0.00798361 -0.00780689 0.00313522 0.999965 -0.0296142
0.999958 0.00713629 0.00566553 0.0290788 -0.00712869 0.999974 -0.00136073 0.0065112 -0.0056751 0.00132029 0.999983 -0.0300816
0.999964 0.00644766 0.00546169 0.0260566 -0.0064369 0.999977 -0.00198478 0.0110199 -0.00547437 0.00194955 0.999983 -0.02632
0.999952 0.00769099 0.00607547 0.0237314 -0.0076606 0.999958 -0.00501 0.00583811 -0.00611374 0.00496322 0.999969 -0.0257522
0.999957 0.00621352 0.00685624 0.0233154 -0.00619915 0.999979 -0.00211455 -0.000503779 -0.00686923 0.00207196 0.999974 -0.0300993
0.999942 0.0095453 0.00505972 0.020977 -0.00952766 0.999948 -0.00349973 0.00477127 -0.00509286 0.00345132 0.999981 -0.0254331
0.999955 0.00571427 0.00760889 0.0153667 -0.00568873 0.999978 -0.00337425 0.000315578 -0.00762801 0.00333082 0.999965 -0.0267891
0.999956 0.00676343 0.00646232 0.0241851 -0.00674525 0.999973 -0.00283052 0.00148403 -0.00648129 0.0027868 0.999975 -0.0300086
0.999959 0.00549296 0.00721244 0.0250133 -0.00546676 0.999978 -0.003647 0.000887162 -0.00723231 0.00360742 0.999967 -0.0279411
0.999955 0.0064905 0.00690026 0.0234658 -0.00647653 0.999977 -0.00204453 -0.000805858 -0.00691338 0.00199975 0.999974 -0.0287508
0.999954 0.00731622 0.00628205 0.0292194 -0.00730284 0.999971 -0.00214939 -0.000773735 -0.00629759 0.00210341 0.999978 -0.0313967
0.999968 0.00577903 0.00559878 0.0207028 -0.00576892 0.999982 -0.00182035 -0.00131431 -0.0056092 0.00178799 0.999983 -0.0280723
0.999932 0.00956508 0.00660456 0.0259738 -0.0095468 0.999951 -0.00279431 0.00272645 -0.00663096 0.00273107 0.999974 -0.031253
0.999949 0.00695952 0.00735571 0.0269833 -0.00692752 0.999966 -0.00436667 -0.00028613 -0.00738585 0.00431549 0.999963 -0.0266717
0.999974 0.00533458 0.00487819 0.0213247 -0.00532563 0.999984 -0.00184625 0.000578682 -0.00488796 0.00182022 0.999986 -0.0272224
0.999942 0.00811272 0.00713329 0.0202445 -0.00808273 0.999958 -0.0042228 0.000156651 -0.00716725 0.0041649 0.999966 -0.028077
0.999969 0.00561313 0.0054517 0.021422 -0.00559778 0.99998 -0.00282694 0.00170082 -0.00546746 0.00279634 0.999981 -0.0267807
0.999953 0.00740133 0.0063086 0.0249743 -0.00738805 0.99997 -0.00212565 -0.00281351 -0.00632414 0.00207894 0.999978 -0.0295222
0.999954 0.00740019 0.00603032 0.0207313 -0.00737429 0.999964 -0.00430743 -0.000559299 -0.00606197 0.00426277 0.999973 -0.0269732
0.999959 0.00517256 0.00741141 0.0257512 -0.00515545 0.999984 -0.002325 0.00212105 -0.00742332 0.00228669 0.99997 -0.0295505
0.999946 0.00862189 0.00588274 0.0238815 -0.00860689 0.99996 -0.00257119 -0.000200118 -0.00590468 0.00252042 0.999979 -0.0297759
0.999946 0.00753938 0.0071672 0.0249601 -0.00751164 0.999964 -0.00388896 0.0043155 -0.00719627 0.00383491 0.999967 -0.0307428
0.999977 -9.73687e-05 0.0068101 0.0264189 0.000116073 0.999996 -0.00274625 0.00580793 -0.00680981 0.00274698 0.999973 -0.0258288
0.99998 0.0047633 0.00410046 0.0275099 -0.00475573 0.999987 -0.00185271 0.00439208 -0.00410923 0.00183317 0.99999 -0.0256473
0.999964 0.00638116 0.00565094 0.0234039 -0.00637043 0.999978 -0.00191373 0.00462445 -0.00566302 0.00187766 0.999982 -0.0290138
0.999963 0.00600723 0.00615245 0.0251689 -0.00599526 0.99998 -0.00196301 -0.00268919 -0.00616412 0.00192605 0.999979 -0.0269453
0.999969 0.00345071 0.00714039 0.0231935 -0.00342512 0.999988 -0.00359289 0.00685791 -0.0071527 0.00356832 0.999968 -0.0268766
0.999973 0.00474202 0.00557347 0.0270266 -0.00472823 0.999986 -0.00248548 0.0148388 -0.00558517 0.00245906 0.999981 -0.0245779
0.999959 0.0073743 0.00528611 0.0239273 -0.00734509 0.999958 -0.00552549 -0.00304279 -0.00532663 0.00548644 0.999971 -0.0216429
0.999954 0.00765754 0.0057778 0.0238166 -0.00763353 0.999962 -0.00416721 0.00648657 -0.00580949 0.00412291 0.999975 -0.0253928
0.999966 0.0062586 0.00541363 0.0238896 -0.00623194 0.999968 -0.00492742 0.00617839 -0.0054443 0.00489352 0.999973 -0.0200619
0.999953 0.00761527 0.00599303 0.0251876 -0.0075807 0.999955 -0.00577099 0.00257342 -0.00603671 0.00572528 0.999965 -0.0237198
0.999957 0.00701703 0.00602181 0.0242767 -0.00699608 0.999969 -0.00349335 0.00424583 -0.00604614 0.00345107 0.999976 -0.0327573
0.999958 0.00623245 0.00667524 0.0269115 -0.00620459 0.999972 -0.00418723 0.0100698 -0.00670115 0.00414564 0.999969 -0.0234736
0.999958 0.0064553 0.00655268 0.0241122 -0.00643049 0.999972 -0.0037995 -0.00155507 -0.00657703 0.0037572 0.999971 -0.0245811
0.999961 0.00723314 0.00510594 0.023569 -0.00721675 0.999969 -0.00322256 0.00645794 -0.00512909 0.00318559 0.999982 -0.0244888
0.999969 0.00610834 0.00491326 0.0232779 -0.00609531 0.999978 -0.00266099 0.00254678 -0.0049294 0.00263096 0.999984 -0.0263499
0.999952 0.00781122 0.00598592 0.0236454 -0.00778756 0.999962 -0.00396487 0.00815385 -0.00601666 0.00391806 0.999974 -0.0248894
0.999944 0.00897235 0.00565231 0.0214455 -0.00894296 0.999946 -0.00520436 -0.00201038 -0.0056987 0.00515351 0.99997 -0.0261165
0.999973 0.00618319 0.00399652 0.0204103 -0.00617283 0.999978 -0.00259926 0.00410781 -0.0040125 0.00257452 0.999989 -0.0255725
0.999939 0.0102891 0.00407419 0.0228548 -0.0102737 0.99994 -0.00377528 -0.00244379 -0.00411279 0.00373319 0.999985 -0.0239065
0.999955 0.00664264 0.00671084 0.0197087 -0.0066158 0.99997 -0.00401343 0.00468902 -0.0067373 0.00396885 0.999969 -0.0284419
0.999986 0.00272984 0.00455487 0.0217349 -0.00271117 0.999988 -0.00409933 0.00111967 -0.004566 0.00408692 0.999981 -0.0204839
0.99995 0.00916277 0.00394363 0.0237461 -0.00914697 0.99995 -0.00400437 -0.00616552 -0.00398013 0.0039681 0.999984 -0.0218876
0.999966 0.00571454 0.00591689 0.0239866 -0.0056907 0.999976 -0.00403796 0.00475654 -0.00593982 0.00400416 0.999974 -0.0241222
0.999958 0.00810292 0.00428874 0.0258728 -0.008084 0.999958 -0.00440898 0.00249659 -0.00432428 0.00437413 0.999981 -0.0222898
0.999938 0.00964419 0.00558888 0.0227245 -0.00960924 0.999934 -0.00624771 -0.00107796 -0.00564877 0.00619362 0.999965 -0.0245338
0.999929 0.0103261 0.00588701 0.0242544 -0.0102955 0.999933 -0.00519927 -0.00593161 -0.0059403 0.00513829 0.999969 -0.0230295
0.999974 0.00443533 0.00565621 0.0251284 -0.00441617 0.999984 -0.00339639 -0.00233041 -0.00567119 0.00337132 0.999978 -0.0224058
0.999959 0.00759228 0.0049874 0.0254254 -0.0075733 0.999964 -0.00381237 0.00210587 -0.00501617 0.00377444 0.99998 -0.0247273
0.999976 0.00569767 0.00401191 0.0235126 -0.00568572 0.999979 -0.00298322 0.00332506 -0.00402883 0.00296034 0.999988 -0.0289033
0.999952 0.00855549 0.00480331 0.0292909 -0.00853728 0.999956 -0.00379965 0.00563694 -0.00483561 0.00375846 0.999981 -0.0254252
0.999962 0.00629285 0.00609969 0.0241562 -0.00626775 0.999972 -0.00412522 0.00704005 -0.00612548 0.00408683 0.999973 -0.0245463
0.999921 0.0109964 0.00600956 0.0253673 -0.0109592 0.999921 -0.00618322 0.00194799 -0.00607708 0.00611687 0.999963 -0.0266898
0.999949 0.00731548 0.0070084 0.0254318 -0.00727103 0.999953 -0.00634788 0.00799642 -0.00705451 0.0062966 0.999955 -0.0226211
0.999954 0.00770859 0.00575102 0.0282593 -0.00767353 0.999952 -0.00609345 -0.00498022 -0.00579771 0.00604904 0.999965 -0.0214164
0.999962 0.00703387 0.00505757 0.0242071 -0.00701252 0.999966 -0.00422654 -0.00076271 -0.00508713 0.00419091 0.999978 -0.0203385
0.99995 0.00768241 0.00639582 0.0249883 -0.00764083 0.99995 -0.00650005 0.00860957 -0.00644543 0.00645086 0.999958 -0.0251453
0.999963 0.00717805 0.00469586 0.0246818 -0.00716432 0.99997 -0.00293578 0.000325865 -0.00471679 0.00290203 0.999985 -0.0240533
0.999968 0.00505137 0.00615248 0.0274346 -0.00503599 0.999984 -0.0025127 0.00330204 -0.00616507 0.00248164 0.999978 -0.029088
0.999926 0.0104579 0.00613669 0.0219553 -0.0104313 0.999936 -0.00434609 -0.000990936 -0.00618175 0.00428176 0.999972 -0.0291615
0.999969 0.00460012 0.00645867 0.0187213 -0.0045799 0.999985 -0.0031406 -0.00166725 -0.00647302 0.00311092 0.999974 -0.027676
0.999963 0.00651888 0.00554512 0.023539 -0.00649636 0.999971 -0.00406908 -0.0014944 -0.00557148 0.00403291 0.999976 -0.0258686
0.999954 0.00802323 0.00520998 0.0255852 -0.00800179 0.999959 -0.00412411 0.00253338 -0.00524286 0.00408223 0.999978 -0.026767
0.999944 0.00956316 0.00460944 0.0235455 -0.00954871 0.999949 -0.00314615 -0.00160127 -0.00463929 0.00310196 0.999984 -0.0280192
0.999914 0.011899 0.00557297 0.0259269 -0.0118605 0.999906 -0.00688019 -0.00182016 -0.00565431 0.00681349 0.999961 -0.0220054
0.999974 0.00570338 0.00432543 0.0241276 -0.00568991 0.999979 -0.00312016 0.000304177 -0.00434313 0.00309547 0.999986 -0.0247771
0.999964 0.00549098 0.0065125 0.0227126 -0.00546765 0.999979 -0.00359529 -0.00192531 -0.0065321 0.00355955 0.999972 -0.0281435
0.99992 0.0105495 0.00695041 0.0282483 -0.010507 0.999926 -0.00613526 -0.00241567 -0.00701462 0.00606174 0.999957 -0.0241035
0.999931 0.0101511 0.00591267 0.0273021 -0.0101239 0.999938 -0.00462299 -0.00345558 -0.00595923 0.00456281 0.999972 -0.026531
0.999962 0.00722203 0.00482652 0.0259367 -0.00719415 0.999957 -0.00576935 -0.00282638 -0.00486798 0.00573441 0.999972 -0.0223855
0.999971 0.00507316 0.00560384 0.0253309 -0.00505237 0.99998 -0.00371897 0.000792292 -0.00562259 0.00369055 0.999977 -0.0275432
0.999951 0.00760554 0.00635593 0.0259987 -0.00757795 0.999962 -0.00435244 -0.00162191 -0.00638879 0.00430407 0.99997 -0.02793
0.999961 0.00677098 0.00572071 0.0233475 -0.00674391 0.999966 -0.00473737 -0.0064657 -0.0057526 0.0046986 0.999972 -0.0227973
0.999954 0.00808328 0.00518521 0.0233785 -0.00806484 0.999961 -0.00356797 0.00683143 -0.00521385 0.00352599 0.99998 -0.0300882
0.999949 0.00821068 0.00590823 0.0233403 -0.00818357 0.999956 -0.00459928 -0.00374684 -0.00594573 0.00455069 0.999972 -0.0245461
0.999949 0.00800851 0.00611745 0.0240492 -0.0079792 0.999957 -0.00480007 -0.00184922 -0.00615562 0.00475101 0.99997 -0.025529
0.999953 0.00743053 0.0062692 0.0178472 -0.00740913 0.999967 -0.00343066 0.0010861 -0.00629448 0.00338405 0.999974 -0.0290086
0.999956 0.00695361 0.006272 0.0191293 -0.00691573 0.999958 -0.00604155 -0.00173115 -0.00631374 0.00599791 0.999962 -0.0230464
0.99996 0.00632471 0.00637951 0.0180339 -0.00629278 0.999968 -0.00501367 0.00857663 -0.00641102 0.00497332 0.999967 -0.0273195
0.999927 0.010581 0.00578558 0.0267772 -0.0105568 0.999936 -0.00418799 0.00422295 -0.00582952 0.00412661 0.999974 -0.0297416
0.999954 0.00625462 0.00721129 0.0266431 -0.00623701 0.999978 -0.00246241 -0.0105711 -0.00722653 0.00241732 0.999971 -0.0312123
0.999969 0.00528852 0.00584257 0.0252006 -0.00527594 0.999984 -0.00216482 -0.00502771 -0.00585392 0.00213393 0.999981 -0.0295719
0.999915 0.0112768 0.00658898 0.0283422 -0.0112547 0.999931 -0.00337728 -0.00333183 -0.00662661 0.00330283 0.999973 -0.0321594
0.999914 0.0112776 0.00672882 0.0254838 -0.0112333 0.999915 -0.00658659 0.00044464 -0.00680253 0.00651044 0.999956 -0.0286413
0.999951 0.00896176 0.00410149 0.0270508 -0.00894489 0.999952 -0.00411292 0.00090759 -0.00413815 0.00407603 0.999983 -0.0247802
0.999966 0.00554918 0.00603909 0.0225244 -0.00551733 0.999971 -0.00527808 0.00814588 -0.0060682 0.00524459 0.999968 -0.0259503
0.999932 0.0102258 0.00566904 0.0278546 -0.0102036 0.99994 -0.00392018 -0.00897142 -0.00570879 0.00386207 0.999976 -0.0265399
0.999951 0.0066802 0.00735356 0.0230743 -0.00664768 0.999968 -0.00443813 0.00687596 -0.00738298 0.00438903 0.999963 -0.033294
0.999872 0.0147026 0.00636877 0.0230096 -0.0146694 0.999879 -0.00523131 -0.00752148 -0.00644491 0.00513721 0.999966 -0.0336423
0.999955 0.00736436 0.00602883 0.0195669 -0.00735042 0.99997 -0.00233132 -0.00278251 -0.00604582 0.0022869 0.999979 -0.032496
0.999969 0.00571916 0.00539518 0.0195746 -0.00570644 0.999981 -0.00237031 -0.00919053 -0.00540863 0.00233945 0.999983 -0.0292641
0.999904 0.0121549 0.00663455 0.0231435 -0.0121284 0.999918 -0.00401687 -0.00554199 -0.00668284 0.00393602 0.99997 -0.0311135
0.99996 0.00667372 0.005981 0.019008 -0.00664214 0.999964 -0.00528471 -0.0022971 -0.00601606 0.00524477 0.999968 -0.0277919
0.999931 0.0100025 0.00620293 0.0246116 -0.00998336 0.999945 -0.00311124 -0.00171477 -0.00623371 0.00304909 0.999976 -0.0330382
0.999937 0.00898803 0.0067795 0.0207112 -0.00895206 0.999946 -0.00531829 -0.00585193 -0.00682694 0.00525727 0.999963 -0.0286979
0.999884 0.0136245 0.00686224 0.0227777 -0.0135844 0.999891 -0.00586211 -0.0021424 -0.00694136 0.00576821 0.999959 -0.0310935
0.99996 0.00536563 0.00717572 0.0200172 -0.00533149 0.999974 -0.00476746 -4.1463e-06 -0.00720112 0.00472901 0.999963 -0.0319213
0.999963 0.00657064 0.00554219 0.0207989 -0.00655895 0.999976 -0.00212483 -0.00666894 -0.00555602 0.0020884 0.999982 -0.033769
0.99989 0.0133469 0.00648479 0.0209895 -0.0133118 0.999897 -0.00542145 -0.00216322 -0.00655648 0.00533453 0.999964 -0.034885
0.999906 0.0110942 0.00810206 0.0226253 -0.0110409 0.999917 -0.00660342 -0.00286783 -0.00817465 0.00651335 0.999945 -0.0317293
0.999961 0.00380424 0.00793888 0.0204003 -0.00376637 0.999981 -0.00477954 0.00149198 -0.00795692 0.00474946 0.999957 -0.0288461
0.999974 0.00328633 0.00638755 0.0197959 -0.00326557 0.999989 -0.00325776 -0.0050515 -0.00639819 0.00323682 0.999974 -0.0269933
0.999969 0.00405115 0.00682026 0.0196742 -0.00402289 0.999983 -0.00415206 -0.00082627 -0.00683697 0.0041245 0.999968 -0.0294396
0.999953 0.00682478 0.00685482 0.0208909 -0.00680413 0.999972 -0.00303193 -0.00115104 -0.00687533 0.00298514 0.999972 -0.0295859
0.999965 0.00571738 0.00608989 0.0203394 -0.0057003 0.99998 -0.00281805 -0.00848221 -0.00610588 0.00278323 0.999977 -0.0287798
0.999955 0.00654278 0.00682706 0.0195547 -0.00651809 0.999972 -0.00363187 -0.00142967 -0.00685063 0.0035872 0.99997 -0.0321728
0.999951 0.00584897 0.00798822 0.0187447 -0.00581422 0.999974 -0.00436551 -0.000286194 -0.00801354 0.00431885 0.999959 -0.032567
0.999895 0.0130612 0.00620901 0.0210522 -0.0130359 0.999907 -0.00409414 -0.000725775 -0.00626191 0.00401277 0.999972 -0.0334285
0.999968 0.00437321 0.00676032 0.0158594 -0.00435482 0.999987 -0.00273213 0.00166519 -0.00677218 0.0027026 0.999973 -0.0346266
0.999974 0.00410614 0.00598077 0.0238737 -0.00409977 0.999991 -0.00107584 -0.0020364 -0.00598514 0.00105129 0.999982 -0.0310618
0.999949 0.00656575 0.00763461 0.0219682 -0.00653212 0.999969 -0.00442137 0.00340185 -0.0076634 0.00437127 0.999961 -0.0304021
0.999911 0.0119689 0.00586432 0.0217685 -0.0119354 0.999912 -0.00571816 -0.000668688 -0.00593224 0.00564766 0.999966 -0.0257239
0.999961 0.00636482 0.00614777 0.0183921 -0.00633934 0.999971 -0.00415475 0.00210864 -0.00617403 0.00411562 0.999972 -0.0249868
0.999912 0.0112057 0.00705215 0.0196355 -0.0111576 0.999915 -0.00681442 -0.00230822 -0.00712791 0.00673514 0.999952 -0.0270371
0.999968 0.00578249 0.00550506 0.0193655 -0.00576883 0.99998 -0.00249384 0.00242198 -0.00551937 0.00246201 0.999982 -0.0273796
0.99984 0.0163704 0.00720923 0.020128 -0.0163279 0.999849 -0.00590539 0.00371092 -0.00730481 0.00578673 0.999957 -0.0312924
0.99994 0.0087045 0.0066464 0.0208733 -0.00868646 0.999959 -0.0027383 -0.000315307 -0.00666996 0.0026804 0.999974 -0.0307234
0.999911 0.0111738 0.00734714 0.0208859 -0.0111336 0.999923 -0.00547904 -0.00138115 -0.00740779 0.00539675 0.999958 -0.0285465
0.999925 0.00969908 0.00749164 0.0203588 -0.0096666 0.999944 -0.00435972 0.00451388 -0.00753351 0.00428697 0.999962 -0.0323261
0.999931 0.00943591 0.0070565 0.0179605 -0.00941356 0.999951 -0.00319291 -0.00884841 -0.00708628 0.00312626 0.99997 -0.0312026
0.999875 0.0144846 0.00628155 0.0209175 -0.014449 0.99988 -0.00567335 -0.00645306 -0.00636297 0.00558188 0.999964 -0.029555
0.999948 0.007986 0.00639034 0.0171639 -0.00796758 0.999964 -0.0029024 -0.00491871 -0.00641329 0.00285133 0.999975 -0.0322272
0.999894 0.0136426 0.00516612 0.0198093 -0.0136191 0.999897 -0.00456012 3.92831e-05 -0.0052278 0.00448928 0.999976 -0.0317916
0.999934 0.00957437 0.00635844 0.0182726 -0.00955925 0.999951 -0.00240288 -0.00913592 -0.00638114 0.00234194 0.999977 -0.0330896
0.999949 0.0072946 0.00695245 0.0182408 -0.00727029 0.999967 -0.00351493 0.00482579 -0.00697787 0.0034642 0.99997 -0.0337559
0.9999 0.0127949 0.00599761 0.0177025 -0.0127583 0.9999 -0.00609442 -0.00763672 -0.00607499 0.00601729 0.999963 -0.028185
0.999879 0.0140448 0.00672077 0.0218823 -0.014004 0.999884 -0.00606954 -0.00427135 -0.00680523 0.00597469 0.999959 -0.027425
0.999918 0.0114198 0.00571932 0.0184952 -0.0113929 0.999924 -0.00471977 -0.00883868 -0.00577279 0.00465422 0.999973 -0.030906
0.999912 0.0122009 0.00514422 0.0181604 -0.0121703 0.999908 -0.00594391 -0.00105579 -0.00521627 0.00588078 0.999969 -0.0241847
0.99994 0.00981153 0.00485251 0.022064 -0.00980756 0.999952 -0.000840821 -0.000331037 -0.00486053 0.00079318 0.999988 -0.0346501
0.999965 0.00629446 0.00544806 0.0162529 -0.00627589 0.999974 -0.00341926 -0.000472829 -0.00546944 0.00338495 0.999979 -0.0268331
0.999973 0.00343051 0.00654649 0.0147869 -0.00340402 0.999986 -0.00405288 -0.00180345 -0.00656031 0.00403048 0.99997 -0.026537
0.99995 0.00747028 0.00661455 0.0144594 -0.00744036 0.999962 -0.00453518 -0.00995896 -0.00664818 0.00448574 0.999968 -0.0305243
0.999962 0.00512682 0.00711127 0.0163656 -0.00509882 0.999979 -0.00395011 0.000312452 -0.00713137 0.00391369 0.999967 -0.0329658
0.999917 0.0118656 0.00503322 0.0182504 -0.0118436 0.99992 -0.00436965 0.00166861 -0.00508467 0.00430968 0.999978 -0.028519
0.999928 0.0101746 0.00635893 0.0213164 -0.0101518 0.999942 -0.00359622 0.00197651 -0.00639515 0.00353141 0.999973 -0.0302836
0.999915 0.0116329 0.00596593 0.0201289 -0.0116062 0.999923 -0.00448389 -0.00733753 -0.00601763 0.00441427 0.999972 -0.0304391
0.999926 0.0100351 0.00689765 0.0163814 -0.0100039 0.99994 -0.00454545 -0.00437901 -0.00694285 0.00447611 0.999966 -0.0267105
0.999955 0.00864244 0.00398186 0.0184374 -0.00862582 0.999954 -0.00417047 -0.0039069 -0.00401772 0.00413594 0.999983 -0.0222755
0.999934 0.0100407 0.00554169 0.0157419 -0.0100241 0.999945 -0.00302681 -0.0060058 -0.00557178 0.00297106 0.99998 -0.0319614
0.999958 0.00768595 0.00493329 0.0167388 -0.00766712 0.999963 -0.00382458 -0.00191866 -0.0049625 0.0037866 0.999981 -0.0279054
0.999965 0.00426766 0.00715127 0.0187048 -0.00424187 0.999984 -0.00361896 -0.00485243 -0.0071666 0.0035885 0.999968 -0.033425
0.999917 0.0105172 0.00745128 0.0185087 -0.0104776 0.999931 -0.00532312 -0.00582002 -0.00750675 0.00524461 0.999958 -0.03089
0.999943 0.00855167 0.00643809 0.019916 -0.0085245 0.999955 -0.00423499 -0.00551093 -0.00647402 0.00417986 0.99997 -0.0319086
0.999973 0.00294673 0.00678053 0.0204064 -0.00293009 0.999993 -0.00246216 -0.00718874 -0.00678774 0.00244222 0.999974 -0.0336349
0.99996 0.00447349 0.00772079 0.0181289 -0.00445307 0.999987 -0.00266061 -0.00512442 -0.00773259 0.00262613 0.999967 -0.0368796
0.999958 0.00555585 0.00728618 0.0188322 -0.0055388 0.999982 -0.00235754 -0.00379479 -0.00729915 0.00231708 0.999971 -0.0362448
0.999893 0.0126837 0.0073111 0.0218716 -0.0126533 0.999911 -0.00419315 0.00260893 -0.00736363 0.0041002 0.999964 -0.0367001
0.999955 0.00861546 0.00394847 0.0144743 -0.00859922 0.999955 -0.00411369 -0.000749169 -0.00398373 0.00407955 0.999984 -0.0260306
0.999958 0.00456484 0.00790953 0.0197003 -0.00452124 0.999975 -0.0055214 -0.00284889 -0.00793454 0.00548541 0.999953 -0.0310269
0.999928 0.00982082 0.00693595 0.0209371 -0.00979505 0.999945 -0.00373897 0.00500936 -0.00697229 0.00367076 0.999969 -0.0339614
